0.311634	0.950000	-0.019606
0.309788	0.950000	-0.039135
0.306719	0.950000	-0.058510
0.302440	0.950000	-0.077653
0.296967	0.950000	-0.096491
0.290323	0.950000	-0.114947
0.282532	0.950000	-0.132950
0.273627	0.950000	-0.150428
0.263641	0.950000	-0.167312
0.252616	0.950000	-0.183536
0.240593	0.950000	-0.199036
0.227620	0.950000	-0.213750
0.213750	0.950000	-0.227620
0.199036	0.950000	-0.240593
0.183536	0.950000	-0.252616
0.167312	0.950000	-0.263641
0.150428	0.950000	-0.273627
0.132950	0.950000	-0.282532
0.114947	0.950000	-0.290323
0.096491	0.950000	-0.296967
0.077653	0.950000	-0.302440
0.058510	0.950000	-0.306719
0.039135	0.950000	-0.309788
0.019606	0.950000	-0.311634
0.000000	0.950000	-0.312250
-0.019606	0.950000	-0.311634
-0.039135	0.950000	-0.309788
-0.058510	0.950000	-0.306719
-0.077653	0.950000	-0.302440
-0.096491	0.950000	-0.296967
-0.114947	0.950000	-0.290323
-0.132950	0.950000	-0.282532
-0.150428	0.950000	-0.273627
-0.167312	0.950000	-0.263641
-0.183536	0.950000	-0.252616
-0.199036	0.950000	-0.240593
-0.213750	0.950000	-0.227620
-0.227620	0.950000	-0.213750
-0.240593	0.950000	-0.199036
-0.252616	0.950000	-0.183536
-0.263641	0.950000	-0.167312
-0.273627	0.950000	-0.150428
-0.282532	0.950000	-0.132950
-0.290323	0.950000	-0.114947
-0.296967	0.950000	-0.096491
-0.302440	0.950000	-0.077653
-0.306719	0.950000	-0.058510
-0.309788	0.950000	-0.039135
-0.311634	0.950000	-0.019606
-0.312250	0.950000	0.000000
-0.311634	0.950000	0.019606
-0.309788	0.950000	0.039135
-0.306719	0.950000	0.058510
-0.302440	0.950000	0.077653
-0.296967	0.950000	0.096491
-0.290323	0.950000	0.114947
-0.282532	0.950000	0.132950
-0.273627	0.950000	0.150428
-0.263641	0.950000	0.167312
-0.252616	0.950000	0.183536
-0.240593	0.950000	0.199036
-0.227620	0.950000	0.213750
-0.213750	0.950000	0.227620
-0.199036	0.950000	0.240593
-0.183536	0.950000	0.252616
-0.167312	0.950000	0.263641
-0.150428	0.950000	0.273627
-0.132950	0.950000	0.282532
-0.114947	0.950000	0.290323
-0.096491	0.950000	0.296967
-0.077653	0.950000	0.302440
-0.058510	0.950000	0.306719
-0.039135	0.950000	0.309788
-0.019606	0.950000	0.311634
0.000000	0.950000	0.312250
0.019606	0.950000	0.311634
0.039135	0.950000	0.309788
0.058510	0.950000	0.306719
0.077653	0.950000	0.302440
0.096491	0.950000	0.296967
0.114947	0.950000	0.290323
0.132950	0.950000	0.282532
0.150428	0.950000	0.273627
0.167312	0.950000	0.263641
0.183536	0.950000	0.252616
0.199036	0.950000	0.240593
0.213750	0.950000	0.227620
0.227620	0.950000	0.213750
0.240593	0.950000	0.199036
0.252616	0.950000	0.183536
0.263641	0.950000	0.167312
0.273627	0.950000	0.150428
0.282532	0.950000	0.132950
0.290323	0.950000	0.114947
0.296967	0.950000	0.096491
0.302440	0.950000	0.077653
0.306719	0.950000	0.058510
0.309788	0.950000	0.039135
0.311634	0.950000	0.019606
0.312250	0.950000	0.000000
