0.420735	0.229849	0.877583
0.462851	0.252856	0.849608
0.503537	0.275084	0.819011
0.542671	0.296462	0.785887
0.580129	0.316926	0.750339
0.615798	0.336412	0.712475
0.649566	0.354860	0.672412
0.681330	0.372213	0.630275
0.710992	0.388417	0.586193
0.738460	0.403423	0.540302
0.407324	0.252856	0.877583
0.448096	0.278167	0.849608
0.487486	0.302619	0.819011
0.525372	0.326138	0.785887
0.561636	0.348650	0.750339
0.596168	0.370086	0.712475
0.628860	0.390381	0.672412
0.659611	0.409470	0.630275
0.688328	0.427297	0.586193
0.714920	0.443805	0.540302
0.392655	0.275084	0.877583
0.431959	0.302619	0.849608
0.469930	0.329221	0.819011
0.506452	0.354807	0.785887
0.541410	0.379298	0.750339
0.574698	0.402619	0.712475
0.606213	0.424697	0.672412
0.635857	0.445465	0.630275
0.663539	0.464858	0.586193
0.689174	0.482817	0.540302
0.376774	0.296462	0.877583
0.414489	0.326138	0.849608
0.450925	0.354807	0.819011
0.485969	0.382381	0.785887
0.519514	0.408776	0.750339
0.551455	0.433909	0.712475
0.581696	0.457703	0.672412
0.610141	0.480085	0.630275
0.636703	0.500986	0.586193
0.661301	0.520340	0.540302
0.359731	0.316926	0.877583
0.395740	0.348650	0.849608
0.430528	0.379298	0.819011
0.463987	0.408776	0.785887
0.496014	0.436992	0.750339
0.526511	0.463860	0.712475
0.555383	0.489297	0.672412
0.582542	0.513224	0.630275
0.607903	0.535567	0.586193
0.631388	0.556258	0.540302
0.341579	0.336412	0.877583
0.375770	0.370086	0.849608
0.408802	0.402619	0.819011
0.440573	0.433909	0.785887
0.470984	0.463860	0.750339
0.499942	0.492380	0.712475
0.527357	0.519381	0.672412
0.553145	0.544779	0.630275
0.577227	0.568496	0.586193
0.599527	0.590458	0.540302
0.322372	0.354860	0.877583
0.354641	0.390381	0.849608
0.385815	0.424697	0.819011
0.415799	0.457703	0.785887
0.444501	0.489297	0.750339
0.471830	0.519381	0.712475
0.497704	0.547862	0.672412
0.522042	0.574653	0.630275
0.544769	0.599670	0.586193
0.565815	0.622837	0.540302
0.302170	0.372213	0.877583
0.332417	0.409470	0.849608
0.361638	0.445465	0.819011
0.389743	0.480085	0.785887
0.416646	0.513224	0.750339
0.442263	0.544779	0.712475
0.466515	0.574652	0.672412
0.489328	0.602753	0.630275
0.510631	0.628994	0.586193
0.530358	0.653294	0.540302
0.281036	0.388417	0.877583
0.309167	0.427297	0.849608
0.336345	0.464858	0.819011
0.362484	0.500986	0.785887
0.387505	0.535567	0.750339
0.411330	0.568496	0.712475
0.433887	0.599670	0.672412
0.455104	0.628994	0.630275
0.474917	0.656378	0.586193
0.493264	0.681736	0.540302
0.259035	0.403423	0.877583
0.284964	0.443805	0.849608
0.310013	0.482817	0.819011
0.334107	0.520340	0.785887
0.357169	0.556257	0.750339
0.379129	0.590458	0.712475
0.399919	0.622837	0.672412
0.419476	0.653294	0.630275
0.437737	0.681736	0.586193
0.454649	0.708073	0.540302
