0.598816	0.800000	-0.037674
0.595269	0.800000	-0.075200
0.589372	0.800000	-0.112429
0.581150	0.800000	-0.149214
0.570634	0.800000	-0.185410
0.557866	0.800000	-0.220875
0.542896	0.800000	-0.255468
0.525784	0.800000	-0.289052
0.506597	0.800000	-0.321496
0.485410	0.800000	-0.352671
0.462308	0.800000	-0.382454
0.437381	0.800000	-0.410728
0.410728	0.800000	-0.437381
0.382454	0.800000	-0.462308
0.352671	0.800000	-0.485410
0.321496	0.800000	-0.506597
0.289052	0.800000	-0.525784
0.255468	0.800000	-0.542896
0.220875	0.800000	-0.557866
0.185410	0.800000	-0.570634
0.149214	0.800000	-0.581150
0.112429	0.800000	-0.589372
0.075200	0.800000	-0.595269
0.037674	0.800000	-0.598816
0.000000	0.800000	-0.600000
-0.037674	0.800000	-0.598816
-0.075200	0.800000	-0.595269
-0.112429	0.800000	-0.589372
-0.149214	0.800000	-0.581150
-0.185410	0.800000	-0.570634
-0.220875	0.800000	-0.557866
-0.255468	0.800000	-0.542896
-0.289052	0.800000	-0.525784
-0.321496	0.800000	-0.506597
-0.352671	0.800000	-0.485410
-0.382454	0.800000	-0.462308
-0.410728	0.800000	-0.437381
-0.437381	0.800000	-0.410728
-0.462308	0.800000	-0.382454
-0.485410	0.800000	-0.352671
-0.506597	0.800000	-0.321496
-0.525784	0.800000	-0.289052
-0.542896	0.800000	-0.255468
-0.557866	0.800000	-0.220875
-0.570634	0.800000	-0.185410
-0.581150	0.800000	-0.149214
-0.589372	0.800000	-0.112429
-0.595269	0.800000	-0.075200
-0.598816	0.800000	-0.037674
-0.600000	0.800000	-0.000000
-0.598816	0.800000	0.037674
-0.595269	0.800000	0.075200
-0.589372	0.800000	0.112429
-0.581150	0.800000	0.149214
-0.570634	0.800000	0.185410
-0.557866	0.800000	0.220875
-0.542896	0.800000	0.255468
-0.525784	0.800000	0.289052
-0.506597	0.800000	0.321496
-0.485410	0.800000	0.352671
-0.462308	0.800000	0.382454
-0.437381	0.800000	0.410728
-0.410728	0.800000	0.437381
-0.382454	0.800000	0.462308
-0.352671	0.800000	0.485410
-0.321496	0.800000	0.506597
-0.289052	0.800000	0.525784
-0.255468	0.800000	0.542896
-0.220875	0.800000	0.557866
-0.185410	0.800000	0.570634
-0.149214	0.800000	0.581150
-0.112429	0.800000	0.589372
-0.075200	0.800000	0.595269
-0.037674	0.800000	0.598816
-0.000000	0.800000	0.600000
0.037674	0.800000	0.598816
0.075200	0.800000	0.595269
0.112429	0.800000	0.589372
0.149214	0.800000	0.581150
0.185410	0.800000	0.570634
0.220875	0.800000	0.557866
0.255468	0.800000	0.542896
0.289052	0.800000	0.525784
0.321496	0.800000	0.506597
0.352671	0.800000	0.485410
0.382454	0.800000	0.462308
0.410728	0.800000	0.437381
0.437381	0.800000	0.410728
0.462308	0.800000	0.382454
0.485410	0.800000	0.352671
0.506597	0.800000	0.321496
0.525784	0.800000	0.289052
0.542896	0.800000	0.255468
0.557866	0.800000	0.220875
0.570634	0.800000	0.185410
0.581150	0.800000	0.149214
0.589372	0.800000	0.112429
0.595269	0.800000	0.075200
0.598816	0.800000	0.037674
0.600000	0.800000	0.000000
0.598816	-0.367373	0.711657
0.595269	-0.334875	0.730420
0.589372	-0.302634	0.749035
0.581150	-0.270777	0.767427
0.570634	-0.239430	0.785525
0.557866	-0.208717	0.803258
0.542896	-0.178759	0.820554
0.525784	-0.149673	0.837346
0.506597	-0.121576	0.853568
0.485410	-0.094578	0.869156
0.462308	-0.068785	0.884048
0.437381	-0.044299	0.898184
0.410728	-0.021217	0.911511
0.382454	0.000370	0.923974
0.352671	0.020378	0.935525
0.321496	0.038726	0.946119
0.289052	0.055342	0.955712
0.255468	0.070162	0.964268
0.220875	0.083126	0.971753
0.185410	0.094183	0.978137
0.149214	0.103291	0.983395
0.112429	0.110411	0.987507
0.075200	0.115518	0.990455
0.037674	0.118590	0.992228
0.000000	0.119615	0.992820
-0.037674	0.118590	0.992228
-0.075200	0.115518	0.990455
-0.112429	0.110411	0.987507
-0.149214	0.103291	0.983395
-0.185410	0.094183	0.978137
-0.220875	0.083126	0.971753
-0.255468	0.070162	0.964268
-0.289052	0.055342	0.955712
-0.321496	0.038726	0.946119
-0.352671	0.020378	0.935525
-0.382454	0.000370	0.923974
-0.410728	-0.021217	0.911511
-0.437381	-0.044299	0.898184
-0.462308	-0.068785	0.884048
-0.485410	-0.094578	0.869156
-0.506597	-0.121576	0.853568
-0.525784	-0.149673	0.837346
-0.542896	-0.178759	0.820554
-0.557866	-0.208717	0.803258
-0.570634	-0.239430	0.785525
-0.581150	-0.270777	0.767427
-0.589372	-0.302634	0.749035
-0.595269	-0.334875	0.730420
-0.598816	-0.367373	0.711657
-0.600000	-0.400000	0.692820
-0.598816	-0.432627	0.673983
-0.595269	-0.465125	0.655220
-0.589372	-0.497366	0.636606
-0.581150	-0.529223	0.618213
-0.570634	-0.560570	0.600115
-0.557866	-0.591283	0.582383
-0.542896	-0.621241	0.565087
-0.525784	-0.650327	0.548294
-0.506597	-0.678424	0.532072
-0.485410	-0.705422	0.516485
-0.462308	-0.731215	0.501593
-0.437381	-0.755701	0.487456
-0.410728	-0.778783	0.474130
-0.382454	-0.800370	0.461666
-0.352671	-0.820378	0.450115
-0.321496	-0.838726	0.439522
-0.289052	-0.855342	0.429928
-0.255468	-0.870162	0.421372
-0.220875	-0.883126	0.413887
-0.185410	-0.894184	0.407503
-0.149214	-0.903291	0.402245
-0.112429	-0.910411	0.398134
-0.075200	-0.915518	0.395186
-0.037674	-0.918590	0.393412
-0.000000	-0.919615	0.392820
0.037674	-0.918590	0.393412
0.075200	-0.915518	0.395186
0.112429	-0.910411	0.398134
0.149214	-0.903291	0.402245
0.185410	-0.894184	0.407503
0.220875	-0.883126	0.413887
0.255468	-0.870162	0.421372
0.289052	-0.855342	0.429928
0.321496	-0.838726	0.439522
0.352671	-0.820378	0.450115
0.382454	-0.800370	0.461666
0.410728	-0.778783	0.474130
0.437381	-0.755701	0.487456
0.462308	-0.731215	0.501593
0.485410	-0.705422	0.516485
0.506597	-0.678424	0.532072
0.525784	-0.650327	0.548294
0.542896	-0.621241	0.565087
0.557866	-0.591283	0.582383
0.570634	-0.560570	0.600115
0.581150	-0.529223	0.618213
0.589372	-0.497366	0.636606
0.595269	-0.465125	0.655220
0.598816	-0.432627	0.673983
0.600000	-0.400000	0.692820
0.598816	-0.432627	-0.673983
0.595269	-0.465125	-0.655220
0.589372	-0.497366	-0.636606
0.581150	-0.529223	-0.618213
0.570634	-0.560570	-0.600115
0.557866	-0.591283	-0.582383
0.542896	-0.621241	-0.565087
0.525784	-0.650327	-0.548294
0.506597	-0.678424	-0.532072
0.485410	-0.705422	-0.516485
0.462308	-0.731215	-0.501593
0.437381	-0.755701	-0.487456
0.410728	-0.778783	-0.474130
0.382454	-0.800370	-0.461666
0.352671	-0.820378	-0.450115
0.321496	-0.838726	-0.439522
0.289052	-0.855342	-0.429928
0.255468	-0.870162	-0.421372
0.220875	-0.883126	-0.413887
0.185410	-0.894183	-0.407503
0.149214	-0.903291	-0.402245
0.112429	-0.910411	-0.398134
0.075200	-0.915518	-0.395186
0.037674	-0.918590	-0.393412
0.000000	-0.919615	-0.392820
-0.037674	-0.918590	-0.393412
-0.075200	-0.915518	-0.395186
-0.112429	-0.910411	-0.398134
-0.149214	-0.903291	-0.402245
-0.185410	-0.894183	-0.407503
-0.220875	-0.883126	-0.413887
-0.255468	-0.870162	-0.421372
-0.289052	-0.855342	-0.429928
-0.321496	-0.838726	-0.439522
-0.352671	-0.820378	-0.450115
-0.382454	-0.800370	-0.461666
-0.410728	-0.778783	-0.474130
-0.437381	-0.755701	-0.487456
-0.462308	-0.731215	-0.501593
-0.485410	-0.705422	-0.516485
-0.506597	-0.678424	-0.532072
-0.525784	-0.650327	-0.548294
-0.542896	-0.621241	-0.565087
-0.557866	-0.591283	-0.582383
-0.570634	-0.560570	-0.600115
-0.581150	-0.529223	-0.618213
-0.589372	-0.497366	-0.636606
-0.595269	-0.465125	-0.655220
-0.598816	-0.432627	-0.673983
-0.600000	-0.400000	-0.692820
-0.598816	-0.367373	-0.711657
-0.595269	-0.334875	-0.730420
-0.589372	-0.302634	-0.749035
-0.581150	-0.270777	-0.767427
-0.570634	-0.239430	-0.785525
-0.557866	-0.208717	-0.803258
-0.542896	-0.178759	-0.820554
-0.525784	-0.149673	-0.837346
-0.506597	-0.121576	-0.853568
-0.485410	-0.094578	-0.869156
-0.462308	-0.068785	-0.884048
-0.437381	-0.044299	-0.898184
-0.410728	-0.021217	-0.911511
-0.382454	0.000370	-0.923974
-0.352671	0.020378	-0.935525
-0.321496	0.038726	-0.946119
-0.289052	0.055342	-0.955712
-0.255468	0.070162	-0.964268
-0.220875	0.083126	-0.971753
-0.185410	0.094183	-0.978137
-0.149214	0.103291	-0.983395
-0.112429	0.110411	-0.987506
-0.075200	0.115518	-0.990455
-0.037674	0.118590	-0.992228
-0.000000	0.119615	-0.992820
0.037674	0.118590	-0.992228
0.075200	0.115518	-0.990455
0.112429	0.110411	-0.987506
0.149214	0.103291	-0.983395
0.185410	0.094183	-0.978137
0.220875	0.083126	-0.971753
0.255468	0.070162	-0.964268
0.289052	0.055342	-0.955712
0.321496	0.038726	-0.946119
0.352671	0.020378	-0.935525
0.382454	0.000370	-0.923974
0.410728	-0.021217	-0.911511
0.437381	-0.044299	-0.898184
0.462308	-0.068785	-0.884048
0.485410	-0.094578	-0.869156
0.506597	-0.121576	-0.853568
0.525784	-0.149673	-0.837346
0.542896	-0.178759	-0.820554
0.557866	-0.208717	-0.803258
0.570634	-0.239430	-0.785525
0.581150	-0.270777	-0.767427
0.589372	-0.302634	-0.749035
0.595269	-0.334875	-0.730420
0.598816	-0.367373	-0.711657
0.600000	-0.400000	-0.692820
