0.000000	0.000000	1.000000
0.295520	0.000000	0.955337
0.564642	0.000000	0.825336
0.783327	0.000000	0.621610
0.932039	0.000000	0.362358
0.997495	0.000000	0.070737
0.973848	0.000000	-0.227202
0.863209	0.000000	-0.504846
0.675463	0.000000	-0.737394
0.427380	0.000000	-0.904072
0.141120	0.000000	-0.989992
0.000000	0.000000	1.000000
0.243903	0.166863	0.955337
0.466020	0.318821	0.825336
0.646508	0.442300	0.621610
0.769245	0.526269	0.362358
0.823268	0.563228	0.070737
0.803751	0.549876	-0.227202
0.712437	0.487405	-0.504846
0.557484	0.381395	-0.737394
0.352732	0.241317	-0.904072
0.116471	0.079682	-0.989992
0.000000	0.000000	1.000000
0.107084	0.275436	0.955337
0.204603	0.526269	0.825336
0.283845	0.730091	0.621610
0.337732	0.868697	0.362358
0.361450	0.929704	0.070737
0.352881	0.907664	-0.227202
0.312791	0.804545	-0.504846
0.244759	0.629558	-0.737394
0.154864	0.398335	-0.904072
0.051136	0.131529	-0.989992
-0.000000	0.000000	1.000000
-0.067143	0.287792	0.955337
-0.128288	0.549876	0.825336
-0.177973	0.762841	0.621610
-0.211761	0.907664	0.362358
-0.226633	0.971408	0.070737
-0.221260	0.948379	-0.227202
-0.196123	0.840634	-0.504846
-0.153467	0.657798	-0.737394
-0.097102	0.416203	-0.904072
-0.032063	0.137429	-0.989992
-0.000000	0.000000	1.000000
-0.217915	0.199613	0.955337
-0.416364	0.381395	0.825336
-0.577620	0.529108	0.621610
-0.687280	0.629558	0.362358
-0.735547	0.673771	0.070737
-0.718109	0.657798	-0.227202
-0.636525	0.583066	-0.504846
-0.498082	0.456250	-0.737394
-0.315147	0.288679	-0.904072
-0.104061	0.095321	-0.989992
-0.000000	0.000000	1.000000
-0.292563	0.041704	0.955337
-0.558992	0.079682	0.825336
-0.775488	0.110543	0.621610
-0.922712	0.131529	0.362358
-0.987513	0.140767	0.070737
-0.964102	0.137429	-0.227202
-0.854571	0.121816	-0.504846
-0.668703	0.095321	-0.737394
-0.423103	0.060312	-0.904072
-0.139708	0.019915	-0.989992
-0.000000	-0.000000	1.000000
-0.265010	-0.130774	0.955337
-0.506348	-0.249866	0.825336
-0.702455	-0.346638	0.621610
-0.835814	-0.412446	0.362358
-0.894512	-0.441412	0.070737
-0.873306	-0.430947	-0.227202
-0.774090	-0.381988	-0.504846
-0.605727	-0.298906	-0.737394
-0.383256	-0.189124	-0.904072
-0.126551	-0.062448	-0.989992
-0.000000	-0.000000	1.000000
-0.144882	-0.257568	0.955337
-0.276822	-0.492129	0.825336
-0.384035	-0.682729	0.621610
-0.456942	-0.812343	0.362358
-0.489033	-0.869392	0.070737
-0.477439	-0.848782	-0.227202
-0.423198	-0.752352	-0.504846
-0.331153	-0.588717	-0.737394
-0.209528	-0.372494	-0.904072
-0.069186	-0.122997	-0.989992
0.000000	-0.000000	1.000000
0.025858	-0.294387	0.955337
0.049406	-0.562477	0.825336
0.068540	-0.780323	0.621610
0.081553	-0.928464	0.362358
0.087280	-0.993669	0.070737
0.085211	-0.970113	-0.227202
0.075530	-0.859899	-0.504846
0.059102	-0.672872	-0.737394
0.037395	-0.425741	-0.904072
0.012348	-0.140579	-0.989992
0.000000	-0.000000	1.000000
0.187565	-0.228368	0.955337
0.358375	-0.436336	0.825336
0.497172	-0.605327	0.621610
0.591559	-0.720247	0.362358
0.633103	-0.770829	0.070737
0.618094	-0.752555	-0.227202
0.547873	-0.667058	-0.504846
0.428712	-0.521974	-0.737394
0.271255	-0.330264	-0.904072
0.089568	-0.109053	-0.989992
0.000000	-0.000000	1.000000
0.283750	-0.082573	0.955337
0.542153	-0.157770	0.825336
0.752127	-0.218874	0.621610
0.894916	-0.260426	0.362358
0.957765	-0.278716	0.070737
0.935060	-0.272108	-0.227202
0.828828	-0.241194	-0.504846
0.648560	-0.188735	-0.737394
0.410357	-0.119417	-0.904072
0.135499	-0.039431	-0.989992
