0.773850	-0.161387	-0.612463
0.755970	-0.110811	-0.645159
0.735107	-0.059799	-0.675308
0.711343	-0.008550	-0.702793
0.684772	0.042732	-0.727504
0.655498	0.093846	-0.749344
0.623637	0.144589	-0.768226
0.589315	0.194762	-0.784076
0.552667	0.244166	-0.796833
0.513838	0.292606	-0.806444
0.472981	0.339892	-0.812873
0.430257	0.385836	-0.816094
0.385836	0.430257	-0.816094
0.339892	0.472981	-0.812873
0.292606	0.513838	-0.806444
0.244166	0.552667	-0.796833
0.194762	0.589315	-0.784076
0.144589	0.623637	-0.768226
0.093846	0.655498	-0.749344
0.042732	0.684772	-0.727504
-0.008550	0.711343	-0.702793
-0.059799	0.735107	-0.675308
-0.110811	0.755970	-0.645159
-0.161387	0.773850	-0.612463
-0.211325	0.788675	-0.577350
-0.260429	0.800388	-0.539959
-0.308506	0.808942	-0.500437
-0.355365	0.814304	-0.458939
-0.400821	0.816452	-0.415631
-0.444696	0.815378	-0.370682
-0.486816	0.811085	-0.324270
-0.527014	0.803592	-0.276578
-0.565132	0.792928	-0.227795
-0.601021	0.779134	-0.178113
-0.634537	0.762265	-0.127728
-0.665549	0.742388	-0.076839
-0.693935	0.719581	-0.025647
-0.719581	0.693935	0.025647
-0.742388	0.665549	0.076839
-0.762265	0.634537	0.127728
-0.779134	0.601021	0.178113
-0.792928	0.565132	0.227795
-0.803592	0.527014	0.276578
-0.811085	0.486816	0.324270
-0.815378	0.444696	0.370682
-0.816452	0.400821	0.415631
-0.814304	0.355365	0.458939
-0.808942	0.308506	0.500437
-0.800388	0.260429	0.539959
-0.788675	0.211325	0.577350
-0.773850	0.161387	0.612463
-0.755970	0.110811	0.645159
-0.735107	0.059799	0.675308
-0.711343	0.008550	0.702793
-0.684772	-0.042732	0.727504
-0.655498	-0.093846	0.749344
-0.623637	-0.144589	0.768226
-0.589315	-0.194762	0.784076
-0.552667	-0.244166	0.796833
-0.513838	-0.292606	0.806444
-0.472981	-0.339892	0.812873
-0.430257	-0.385836	0.816094
-0.385836	-0.430257	0.816094
-0.339892	-0.472981	0.812873
-0.292606	-0.513838	0.806444
-0.244166	-0.552667	0.796833
-0.194762	-0.589315	0.784076
-0.144589	-0.623637	0.768226
-0.093846	-0.655498	0.749344
-0.042732	-0.684772	0.727504
0.008550	-0.711343	0.702793
0.059799	-0.735107	0.675308
0.110811	-0.755970	0.645159
0.161387	-0.773850	0.612463
0.211325	-0.788675	0.577350
0.260429	-0.800388	0.539959
0.308506	-0.808942	0.500437
0.355365	-0.814304	0.458939
0.400821	-0.816452	0.415631
0.444696	-0.815378	0.370682
0.486816	-0.811085	0.324270
0.527014	-0.803592	0.276578
0.565132	-0.792928	0.227795
0.601021	-0.779134	0.178113
0.634537	-0.762265	0.127728
0.665549	-0.742388	0.076839
0.693935	-0.719581	0.025647
0.719581	-0.693935	-0.025647
0.742388	-0.665549	-0.076839
0.762265	-0.634537	-0.127728
0.779134	-0.601021	-0.178113
0.792928	-0.565132	-0.227795
0.803592	-0.527014	-0.276578
0.811085	-0.486816	-0.324270
0.815378	-0.444696	-0.370682
0.816452	-0.400821	-0.415631
0.814304	-0.355365	-0.458939
0.808942	-0.308506	-0.500437
0.800388	-0.260429	-0.539959
0.788675	-0.211325	-0.577350
