0.435030	0.027370	0.900000
0.432453	0.054631	0.900000
0.428169	0.081678	0.900000
0.422196	0.108401	0.900000
0.414556	0.134697	0.900000
0.405280	0.160462	0.900000
0.394405	0.185593	0.900000
0.381973	0.209992	0.900000
0.368034	0.233562	0.900000
0.352642	0.256210	0.900000
0.335859	0.277847	0.900000
0.317750	0.298387	0.900000
0.298387	0.317750	0.900000
0.277847	0.335859	0.900000
0.256210	0.352642	0.900000
0.233562	0.368034	0.900000
0.209992	0.381973	0.900000
0.185593	0.394405	0.900000
0.160462	0.405280	0.900000
0.134697	0.414556	0.900000
0.108401	0.422196	0.900000
0.081678	0.428169	0.900000
0.054631	0.432453	0.900000
0.027370	0.435030	0.900000
0.000000	0.435890	0.900000
-0.027370	0.435030	0.900000
-0.054631	0.432453	0.900000
-0.081678	0.428169	0.900000
-0.108401	0.422196	0.900000
-0.134697	0.414556	0.900000
-0.160462	0.405280	0.900000
-0.185593	0.394405	0.900000
-0.209992	0.381973	0.900000
-0.233562	0.368034	0.900000
-0.256210	0.352642	0.900000
-0.277847	0.335859	0.900000
-0.298387	0.317750	0.900000
-0.317750	0.298387	0.900000
-0.335859	0.277847	0.900000
-0.352642	0.256210	0.900000
-0.368034	0.233562	0.900000
-0.381973	0.209992	0.900000
-0.394405	0.185593	0.900000
-0.405280	0.160462	0.900000
-0.414556	0.134697	0.900000
-0.422196	0.108401	0.900000
-0.428169	0.081678	0.900000
-0.432453	0.054631	0.900000
-0.435030	0.027370	0.900000
-0.435890	0.000000	0.900000
-0.435030	-0.027370	0.900000
-0.432453	-0.054631	0.900000
-0.428169	-0.081678	0.900000
-0.422196	-0.108401	0.900000
-0.414556	-0.134697	0.900000
-0.405280	-0.160462	0.900000
-0.394405	-0.185593	0.900000
-0.381973	-0.209992	0.900000
-0.368034	-0.233562	0.900000
-0.352642	-0.256210	0.900000
-0.335859	-0.277847	0.900000
-0.317750	-0.298387	0.900000
-0.298387	-0.317750	0.900000
-0.277847	-0.335859	0.900000
-0.256210	-0.352642	0.900000
-0.233562	-0.368034	0.900000
-0.209992	-0.381973	0.900000
-0.185593	-0.394405	0.900000
-0.160462	-0.405280	0.900000
-0.134697	-0.414556	0.900000
-0.108401	-0.422196	0.900000
-0.081678	-0.428169	0.900000
-0.054631	-0.432453	0.900000
-0.027370	-0.435030	0.900000
-0.000000	-0.435890	0.900000
0.027370	-0.435030	0.900000
0.054631	-0.432453	0.900000
0.081678	-0.428169	0.900000
0.108401	-0.422196	0.900000
0.134697	-0.414556	0.900000
0.160462	-0.405280	0.900000
0.185593	-0.394405	0.900000
0.209992	-0.381973	0.900000
0.233562	-0.368034	0.900000
0.256210	-0.352642	0.900000
0.277847	-0.335859	0.900000
0.298387	-0.317750	0.900000
0.317750	-0.298387	0.900000
0.335859	-0.277847	0.900000
0.352642	-0.256210	0.900000
0.368034	-0.233562	0.900000
0.381973	-0.209992	0.900000
0.394405	-0.185593	0.900000
0.405280	-0.160462	0.900000
0.414556	-0.134697	0.900000
0.422196	-0.108401	0.900000
0.428169	-0.081678	0.900000
0.432453	-0.054631	0.900000
0.435030	-0.027370	0.900000
0.435890	-0.000000	0.900000
